% For matlab
% Remove these features
WO_NONE = [1 2 4 5 6 8 9 10 11 12 13 19 20 21 22 23 44 45 46 47 48 53 54 55 56 57 58 59 60 61 62 63 64 65];
WO_Prevfriction = [1 2 4 5 6 7 8 9 10 11 12 13 19 20 21 22 23 44 45 46 47 48 53 54 55 56 57 58 59 60 61 62 63 64 65];
WO_Dewpoint = [1 2 4 5 6 8 9 10 11 12 13 19 20 21 22 23 29 30 31 32 33 44 45 46 47 48 53 54 55 56 57 58 59 60 61 62 63 64 65];
%WO_Duration = [1 2 4 6 8 9 10 11 12 13 19 20 21 22 23 44 45 46 47 48 53 54 55 56 57 58 59 60 61 62 63 64 65];
%WO_Distance = [1 2 4 5 8 9 10 11 12 13 19 20 21 22 23 44 45 46 47 48 53 54 55 56 57 58 59 60 61 62 63 64 65];
WO_Temp = [1 2 4 5 6 8 9 10 11 12 13 14 15 16 17 18 19 20 21 22 23 44 45 46 47 48 53 54 55 56 57 58 59 60 61 62 63 64 65];
WO_Wiperspeed = [1 2 4 5 6 8 9 10 11 12 13 19 20 21 22 23 44 45 46 47 48 49 50 51 52 53 54 55 56 57 58 59 60 61 62 63 64 65];
WO_Rain = [1 2 4 5 6 8 9 10 11 12 13 19 20 21 22 23 34 35 36 37 38 44 45 46 47 48 53 54 55 56 57 58 59 60 61 62 63 64 65];
WO_Snow = [1 2 4 5 6 8 9 10 11 12 13 19 20 21 22 23 39 40 41 42 43 44 45 46 47 48 53 54 55 56 57 58 59 60 61 62 63 64 65];
W_4hours = [1 2 4 5 6 5 6 8 9 10 11 12 13 19 20 21 22 23 44 45 46 47 48 53 54 55 56 57 58 59 60 61 62 63 64 65];
W_3hours = [1 2 4 5 6 8 9 10 11 12 13 18 19 20 21 22 23 28 33 38 43 44 45 46 47 48 53 54 55 56 57 58 59 60 61 62 63 64];
W_2hours = [1 2 4 5 6 8 9 10 11 12 13 17 18 19 20 21 22 23 27 28 32 33 37 38 42 43 44 45 46 47 48 52 53 54 55 56 57 58 59 60 61 62 63 64 65];
W_1hours = [1 2 4 5 6 8 9 10 11 12 13 16 17 18 19 20 21 22 23 26 27 28 31 32 33 36 37 38 41 42 43 44 45 46 47 48 51 52 53 54 55 56 57 58 59 60 61 62 63 64 65];



% För TFANN.py
# Different setups for the feature sets
W_All = [1,2,3,4,5,6,8,9,10,11,12,13,19,20,21,22,23,44,45,46,47,48,54,55,56,57,58,59,60,61,62,63,64];
WO_Prevfriction = [1,2,3,4,5,6,7,8,9,10,11,12,13,19,20,21,22,23,44,45,46,47,48,54,55,56,57,58,59,60,61,62,63,64];
WO_Dewpoint = [1,2,3,4,8,9,10,11,12,13,19,20,21,22,23,29,30,31,32,33,44,45,46,47,48,54,55,56,57,58,59,60,61,62,63,64];
#WO_Duration = [1,2,3,4,6,8,9,10,11,12,13,19,20,21,22,23,44,45,46,47,48,54,55,56,57,58,59,60,61,62,63,64];
#WO_Distance = [1,2,3,4,5,8,9,10,11,12,13,19,20,21,22,23,44,45,46,47,48,54,55,56,57,58,59,60,61,62,63,64];
WO_Wiperspeed = [1,2,3,4,8,9,10,11,12,13,19,20,21,22,23,44,45,46,47,48,49,50,51,52,53,54,55,56,57,58,59,60,61,62,63,64];
WO_Temp = [1,2,3,4,8,9,10,11,12,13,14,15,16,17,18,19,20,21,22,23,44,45,46,47,48,54,55,56,57,58,59,60,61,62,63,64];
WO_Rain = [1,2,3,4,8,9,10,11,12,13,19,20,21,22,23,34,35,36,37,38,44,45,46,47,48,54,55,56,57,58,59,60,61,62,63,64];
WO_Snow = [1,2,3,4,8,9,10,11,12,13,19,20,21,22,23,39,40,41,42,43,44,45,46,47,48,54,55,56,57,58,59,60,61,62,63,64];
W_4hours = [1,2,3,4,5,6,8,9,10,11,12,13,19,20,21,22,23,29,30,31,32,33,44,45,46,47,48,54,55,56,57,58,59,60,61,62,63,64];
W_3hours = [1,2,3,4,5,6,8,9,10,11,12,13,18,19,20,21,22,23,28,29,30,31,32,33,38,43,44,45,46,47,48,53,54,55,56,57,58,59,60,61,62,63,64];
W_2hours = [1,2,3,4,5,6,8,9,10,11,12,13,17,18,19,20,21,22,23,27,28,29,30,31,32,33,37,38,42,43,44,45,46,47,48,52,53,54,55,56,57,58,59,60,61,62,63,64];
W_1hours = [1,2,3,4,5,6,8,9,10,11,12,13,16,17,18,19,20,21,22,23,26,27,28,29,30,31,32,33,36,37,38,41,42,43,44,45,46,47,48,51,52,53,54,55,56,57,58,59,60,61,62,63,64];

